lg_ds_mask_rcnn_endoscapes_endoscapes_italy = 0.585554858048757±0.009311872308679473
lg_ds_mask_rcnn_endoscapes_wc_italy = 0.45349326729774475±0.037676822617514406
lg_ds_no_sem_mask_rcnn_endoscapes_endoscapes_italy = 0.5618156592051188±0.010293223913870633
lg_ds_no_sem_mask_rcnn_endoscapes_wc_italy = 0.4377470115820567±0.03360926557001614
lg_ds_no_viz_mask_rcnn_endoscapes_endoscapes_italy = 0.5794868866602579±0.006796060796394573
lg_ds_no_viz_mask_rcnn_endoscapes_wc_italy = 0.5225884715716044±0.012031567267220218
dc_mask_rcnn_endoscapes_endoscapes_italy = 0.5808842976888021±0.012278618831259979
dc_mask_rcnn_endoscapes_wc_italy = 0.500677357117335±0.017753595226444874
layout_mask_rcnn_endoscapes_endoscapes_italy = 0.5753231445948283±0.01345178550205094
layout_mask_rcnn_endoscapes_wc_italy = 0.5134901901086172±0.012425948421355824
mt_mask_rcnn_endoscapes_endoscapes_italy = 0.5723901589711508±0.009305563313317805
mt_mask_rcnn_endoscapes_wc_italy = 0.4852905472119649±0.02775738661723348
lg_ds_faster_rcnn_endoscapes_endoscapes_italy = 0.545220692952474±0.021670699224599334
lg_ds_faster_rcnn_endoscapes_wc_italy = 0.46992501616477966±0.021482872714304053
lg_ds_no_sem_faster_rcnn_endoscapes_endoscapes_italy = 0.5375040173530579±0.008910290886622386
lg_ds_no_sem_faster_rcnn_endoscapes_wc_italy = 0.4354630907376607±0.009544119917638998
lg_ds_no_viz_faster_rcnn_endoscapes_endoscapes_italy = 0.5682790875434875±0.010137998921142024
lg_ds_no_viz_faster_rcnn_endoscapes_wc_italy = 0.5242670973141988±0.0063509297976425206
dc_faster_rcnn_endoscapes_endoscapes_italy = 0.554986834526062±0.0028726559751688337
dc_faster_rcnn_endoscapes_wc_italy = 0.5000059405962626±0.044892762038933574
layout_faster_rcnn_endoscapes_endoscapes_italy = 0.5456842382748922±0.012641570410762295
layout_faster_rcnn_endoscapes_wc_italy = 0.520902176698049±0.006918486665891435
mt_faster_rcnn_endoscapes_endoscapes_italy = 0.5421626369158427±0.01067080688970687
mt_faster_rcnn_endoscapes_wc_italy = 0.47926730910936993±0.013219447148611984
lg_ds_mask_rcnn_wc_endoscapes_italy = 0.5647979776064554±0.01336728604983551
lg_ds_mask_rcnn_wc_wc_italy = 0.37227169672648114±0.06713105877709252
lg_ds_no_sem_mask_rcnn_wc_endoscapes_italy = 0.5542840758959452±0.005709243213485928
lg_ds_no_sem_mask_rcnn_wc_wc_italy = 0.4088636537392934±0.006343885631449601
lg_ds_no_viz_mask_rcnn_wc_endoscapes_italy = 0.44439075390497845±0.0024470275861947096
lg_ds_no_viz_mask_rcnn_wc_wc_italy = 0.4370982150236766±0.004076156519334237
dc_mask_rcnn_wc_endoscapes_italy = 0.499127725760142±0.027675380108012425
dc_mask_rcnn_wc_wc_italy = 0.46889151136080426±0.007755822357578878
layout_mask_rcnn_wc_endoscapes_italy = 0.4877808292706807±0.012805959183161983
layout_mask_rcnn_wc_wc_italy = 0.4720446566740672±0.007891382916332627
mt_mask_rcnn_wc_endoscapes_italy = 0.553084154923757±0.0033965342848138167
mt_mask_rcnn_wc_wc_italy = 0.48633794983228046±0.03530671966676211
lg_ds_faster_rcnn_wc_endoscapes_italy = 0.5620426138242086±0.027309914627731916
lg_ds_faster_rcnn_wc_wc_italy = 0.41030701001485187±0.006367141103560389
lg_ds_no_sem_faster_rcnn_wc_endoscapes_italy = 0.5542584657669067±0.013378723386191681
lg_ds_no_sem_faster_rcnn_wc_wc_italy = 0.42291685938835144±0.029677607178630834
lg_ds_no_viz_faster_rcnn_wc_endoscapes_italy = 0.4520104229450226±0.008558415751750531
lg_ds_no_viz_faster_rcnn_wc_wc_italy = 0.45238974690437317±0.00577892850090767
dc_faster_rcnn_wc_endoscapes_italy = 0.4796244601408641±0.012260677743068445
dc_faster_rcnn_wc_wc_italy = 0.481784592072169±0.008710094233570347
layout_faster_rcnn_wc_endoscapes_italy = 0.4839874505996704±0.0020270200055304893
layout_faster_rcnn_wc_wc_italy = 0.4829912483692169±0.005402568387999293
mt_faster_rcnn_wc_endoscapes_italy = 0.5595164895057678±0.004053547905847933
mt_faster_rcnn_wc_wc_italy = 0.45142898956934613±0.009346393310362211
