recon_lg_ds_mask_rcnn_endoscapes_wc_endoscapes = 0.3434874216715495±0.027211054951618463: [0.3737918436527252, 0.3355236053466797, 0.32114681601524353]
lg_ds_mask_rcnn_endoscapes_wc_endoscapes = 0.3372667034467061±0.027050446641207718: [0.31830301880836487, 0.3252541124820709, 0.3682429790496826]
recon_lg_ds_mask_rcnn_endoscapes_wc_wc = 0.3434874216715495±0.027211054951618463: [0.3737918436527252, 0.3355236053466797, 0.32114681601524353]
lg_ds_mask_rcnn_endoscapes_wc_wc = 0.3372667034467061±0.027050446641207718: [0.31830301880836487, 0.3252541124820709, 0.3682429790496826]
recon_lg_ds_mask_rcnn_wc_wc_endoscapes = 0.3264991144339244±0.049793910304344956: [0.29282060265541077, 0.38369616866111755, 0.30298057198524475]
lg_ds_mask_rcnn_wc_wc_endoscapes = 0.34616825977961224±0.06282424813584456: [0.4140876233577728, 0.33427906036376953, 0.2901380956172943]
recon_lg_ds_mask_rcnn_wc_wc_wc = 0.3264991144339244±0.049793910304344956: [0.29282060265541077, 0.38369616866111755, 0.30298057198524475]
lg_ds_mask_rcnn_wc_wc_wc = 0.34616825977961224±0.06282424813584456: [0.4140876233577728, 0.33427906036376953, 0.2901380956172943]
